Template: UW_SettingsTemplate_Underhang
CeilingDrips: 0.09782609
RainIntensity: 0
RumbleIntensity: 0.5
Palette: 16
EffectColorA: 18
Effects: None-0-38-8, ExtraLoudThunder-0.6847826-302-13, ElectricDeath-1-307-87, BrokenZeroG-0.01086957-43-90, 
PlacedObjects: LightFixture><2881.902><640.121><RedLight~-379.6795~-18~0, LightFixture><2708.114><220.388><RedLight~17.32051~-10~0, LightFixture><2221.093><325.8729><RedLight~17.32051~-10~19, LightSource><408.0969><427.1749><0.4782609~Environment~0~100~-85~-417.3974~1~0~None~0~0, LightSource><1212.617><430.8379><0.5326087~Environment~0~100~50~86.60254~1~0~None~0~0, LightSource><1768.175><429.8466><0.6521739~Environment~0~100~50~86.60254~1~0~None~0~0, LightFixture><1462.943><674.3014><RedLight~17.32051~-10~46, DangleFruit><274.2634><492.5504><-375~62~2~3, Corruption><504.9302><555.3293><0~100, Corruption><656.4899><560.5881><-2~77, Corruption><1412.938><547.5601><-6~64, Corruption><1561.069><551.9376><0~100, Corruption><2775.942><544.1913><-1~85, 
FadePalette: 17, 0.7065217, 0.7608696, 0.8260869
