Template: UW_SettingsTemplate_Wall
DangerType: Blizzard
WaveSpeed: 0.5977415
WaveLength: 0.9511293
WaveAmplitude: 9.844801E-11
SecondWaveLength: 0.1666667
SecondWaveAmplitude: 0
Palette: 27
Effects: Darkness-0.2608696-289-148, Flies-0-30-30, 
PlacedObjects: StuckDaddy><544.9255><410.6541><0~100, 
FadePalette: 33, 0.6195652
