Template: VS_SettingsTemplate_Sewer
DangerType: Thunder
CeilingDrips: 0
RainIntensity: 0
RumbleIntensity: 0
WaveSpeed: 0.5
WaveLength: 1
WaveAmplitude: 6.221594E-20
SecondWaveLength: 0.1666667
SecondWaveAmplitude: 0
Palette: 30
Effects: Coldness-0-30-30, ElectricDeath-0.6573257-20-20, DayNight-0-40-40, 
AmbientSounds: SPOT><SO_WAT-OpenFlow.ogg><727.7><524.7451><0.5><1><779.7><418.7451><-151.3553><-318.3553><0><0.2739132, 
FadePalette: 10, 0.5978261
