DangerType: Blizzard
CeilingDrips: 0
RainIntensity: 0.09782609
RumbleIntensity: 0.1086956
WaveSpeed: 0.5003266
WaveLength: 0.9998367
WaveAmplitude: 1.292913E-05
SecondWaveLength: 1
SecondWaveAmplitude: 0.0001
Grime: 0
RandomItemDensity: 0.326087
Palette: 0
PlacedObjects: CustomDecal><277.4238><-59.09891><2~466~146~384~116~-24~-211.6417~109.8~0~1~1~Rust3~0.3309442~1~0.3309442~1~0.3309442~1~0.3309442~1, CustomDecal><489.8118><-15.56781><-4~359~133~385~159~-48~-701~292~0~1~1~Rust1~0.2951992~1~0.2951992~1~0.2951992~1~0.2951992~1, CustomDecal><77.83374><360.8612><-18~210~626~127~478~-80~747~-486~0.5978261~1~0.9347826~WhiteJunk2~0.4565217~0.6956522~0.4565217~0.6956522~0.4565217~0.6956522~0.4565217~0.6956522, CustomDecal><424.3511><367.5775><-90~161~429~268~407~-58~-342.9104~-288.4889~0.5978261~1~1~BoneType~0.3804348~0.9782609~0.3804348~0.9782609~0.3804348~0.9782609~0.3804348~0.9782609, DangleFruit><755.0757><494.5649><0~0~2~3, DangleFruit><295.0968><454.925><0~0~2~3, DangleFruit><318.83><408.6447><0~0~2~3, SnowSource><882.9359><444.3105><Radial~41~213~-376~113.6025~0.8586956~1, 
FadePalette: 32, 0.3152174
WetTerrain: OFF
