DangerType: FloodAndRain
Clouds: 1
Grime: 0.3557743
Effects: WaterViscosity-0.5026607-20-20, Coldness-0-30-30, 
FadePalette: 8, 0.5869565, 0.6195652
