Template: VS_SettingsTemplate_Sewer
Clouds: 1
Palette: 35
AmbientSounds: SPOT><SO_WAT-OpenFlow.ogg><829.9084><499.5722><0.3804348><1><1735.908><728.5721><-62.35535><-247.3553><0><0.3065219, SPOT><SO_WAT-Splashes.ogg><654.5253><497.3016><0.25><1><43.52533><330.3016><430.6447><1.644653><0><1, 
FadePalette: 33, 0.5869565, 0.5760869
