DangerType: Blizzard
CeilingDrips: 0
RainIntensity: 0
RumbleIntensity: 0
WaveSpeed: 0.5
WaveLength: 1
WaveAmplitude: 5.605194E-45
SecondWaveLength: 1
SecondWaveAmplitude: 0.0001
Clouds: 0.1956522
Grime: 0.4021739
RandomItemDensity: 0.3804348
Palette: 32
Effects: Darkness-0.09782609-20-20, Coldness-1-20-74, 
PlacedObjects: CustomDecal><499.979><1025.199><1~478~522~321~507~-220~-470.6552~-35.55554~0~1~0~Rust3~0.2201425~1~0.2201425~1~0.2201425~1~0.2201425~1, CustomDecal><100.6139><711.6033><-85~675~173~641~104~-21~226.4635~23.53336~0~1~0~RustB2~0.4090921~1~0.4090921~1~0.4090921~1~0.4090921~1, CustomDecal><233.5502><869.0079><-1~352~784~136~802~-63~-483.3594~-84.2222~0.1304348~0.9782609~0~DirtyWaterLine~0.5361753~0.9688522~0.5361753~0.9688522~0.5361753~0.9688522~0.5361753~0.9688522, CustomDecal><94.93622><111.0605><-51~374~1023~423~931~-149~-208.449~-64.17778~0~1~1~DirtyWaterLine~0.4477582~1~0.4477582~1~0.4477582~1~0.4477582~1, CustomDecal><154.7965><97.69452><-48~317~306~234~293~-19~-325.874~243.6~0.4565217~1~0.9021739~Rust3~0.3877831~0.9891304~0.3877831~0.9891304~0.3877831~0.9891304~0.3877831~0.9891304, 
FadePalette: 12, 0.4639946, 0.4456522
WetTerrain: OFF
