Template: VS_SettingsTemplate_Sewer
DangerType: Blizzard
CeilingDrips: 0
RainIntensity: 0
RumbleIntensity: 0
WaveSpeed: 0.5
WaveLength: 1
WaveAmplitude: 1.676124E-39
SecondWaveLength: 1
SecondWaveAmplitude: 0.0001
Palette: 33
EffectColorA: 2
Effects: Coldness-1-23-69, 
AmbientSounds: SPOT><SO_WAT-OpenFlow.ogg><729.0938><520.6766><0.4565217><1><-152.9062><633.6766><-236.3553><-215.3553><0><0.4913045, 
FadePalette: 10, 0.8369565, 0.8260869, 0.8152174
WetTerrain: OFF
