DangerType: Blizzard
CeilingDrips: 0
RainIntensity: 0
RumbleIntensity: 0
WaveSpeed: 0.5
WaveLength: 1
WaveAmplitude: 5.605194E-45
SecondWaveLength: 1
SecondWaveAmplitude: 0.0001
Palette: 33
Effects: Coldness-1-20-20, 
AmbientSounds: SPOT><waterGurgleLOOP1.wav><767.1993><438.2336><0.4891304><1><3018.199><643.2335><-246.3553><-120.3553><0><0.6108697, 
FadePalette: 10, 0.4456522, 0.4456522, 0.4456522
WetTerrain: OFF
