Template: VS_SettingsTemplate_Surface
RainIntensity: 0
RumbleIntensity: 0
Grime: 0.2173913
Palette: 30
Effects: Coldness-0-20-20, DayNight-0-30-30, ElectricDeath-0.2938632-40-40, BorderPushBack-0-50-50, DustWave-0-60-60, 
PlacedObjects: DangleFruit><209.6444><1888.42><0~0~32~49, DangleFruit><746.8483><1884.826><0~0~30~34, CustomDecal><-28.133><1533.149><-118~653~1079~408~796~-94~11~-305~0.6630435~1~1~BlueBrown~0.9254979~0.334941~0.9254979~0.334941~0.9254979~0.334941~0.9254979~0.334941, CustomDecal><265.9305><1635.473><-137~361~722~452~749~209~-153.2896~226.2~0.6739028~1~1~GreyBones~0.9894701~0.05654441~0.9894701~0.05654441~0.9894701~0.05654441~0.9894701~0.05654441, CustomDecal><462.4354><1574.432><-69~355~475~300~499~26~396~-175.9857~0.3585669~0.5542789~0.5763085~porl~0.7043749~0.05503912~0.7043749~0.05503912~0.7043749~0.05503912~0.7043749~0.05503912, DayNightSettings><-67.89809><1770.974><5~8.660254~16~10, 
FadePalette: 10, 0.1478374, 0.4991848, 0.75
