Grime: 0.25
FadePalette: 33, 0.4673913, 0.4782609, 0.5
