DangerType: None
CeilingDrips: 0
RainIntensity: 0
RumbleIntensity: 0
WaveSpeed: 0.5101727
WaveLength: 0.9949136
WaveAmplitude: 3.377278E-07
SecondWaveLength: 0.1666667
SecondWaveAmplitude: 0
Effects: Coldness-0-20-20, DayNight-0-30-30, 
PlacedObjects: DayNightSettings><35.07281><333.9073><5~8.660254~16~10, 
FadePalette: 4, 0.6086956
