DangerType: Rain
Clouds: 1
Grime: 0.3369565
BkgDroneVolume: 0.2769565
Palette: 50
EffectColorA: 9
EffectColorB: 9
Effects: LightRain-0.07608695-20-20, 
PlacedObjects: FlyLure><623.343><81.37599><256~34~4~9, 
AmbientSounds: OMNI><AM_ENV-LightWind.ogg><550.4125><528.8834><0.4130435><0.9413043, SPOT><AM_ENV-NatWind.ogg><432.2><335.9981><0.3043478><1><70.20001><549.998><-179.3553><-240.3553><0><0.2956523, 
FadePalette: 4, 0.6086956
