CeilingDrips: 0.5326087
Grime: 0.3586957
Palette: 1
EffectColorB: 1
Effects: Coldness-0-20-20, ZeroG-1-30-30, 
PlacedObjects: PuffBall><366.7717><221.0511><-395~74~1~1, 
AmbientSounds: OMNI><AM_ENV-LightWind.ogg><813.1721><633.6018><0.4021739><0.823913, OMNI><SO_NAT-LilDrips.ogg><625.8201><613.1627><0.2608696><1, 
FadePalette: 11, 0.1413043
