DangerType: Blizzard
RainIntensity: 0.2608696
RumbleIntensity: 0.2391304
Grime: 0.25
BkgDroneVolume: 0.2569565
Palette: 0
Effects: Flies-0-20-20, 
PlacedObjects: Mushroom><480.698><312.3069><-559~204~2~3, Mushroom><491.9127><322.6338><-582~121~2~3, PuffBall><767.5736><322.064><0~0~2~3, PuffBall><728.2822><306.9474><0~0~2~3, PuffBall><588.2845><321.947><0~0~2~3, 
AmbientSounds: OMNI><AM_ENV-NatWind.ogg><834.3488><640.326><0.2065217><1, 
FadePalette: 10, 0.5326087
