Template: NONE
Clouds: 1
Grime: 0.2065217
BkgDroneVolume: 0.2569565
Palette: 1
EffectColorA: 7
EffectColorB: 1
Effects: LightRain-0.2065217-30-30, Hue-0.07608695-40-40, Desaturation-0.1521739-50-50, Coldness-1-60-60, DustWave-0.3093298-70-70, Fog-1-20-20, ZeroG-1-80-80, BulletRain-0.3043478-90-90, BulletRainFlux-0.4673913-100-100, 
PlacedObjects: DataPearl><1845.57><31.66847><0~0~0~0~Misc~0, DataPearl><1249.692><342.2952><-103~183~0~0~Misc~0, CustomDecal><1028.483><83.56786><-25~179~909~375~1259~93~-154.0046~-52.95035~0~0.1521739~0~Long Tag~0~1~0~1~0.6413044~1~0.2717391~1, CustomDecal><1115.476><168.2653><-3~174~366~172~371~-8~-267~-395.8308~0~1~0~GreySnoopy~0.3586957~0.2173913~0.5760869~0.5217391~0.2065217~0.4782609~0.3152174~0.4782609, CustomDecal><1750.442><142.9866><-12~196~281~214~268~-2~-617~-401~0~1~0~BrainGhosts~0.4565217~0.08695652~0.5978261~0~0.3586957~0.2173913~0.1304348~0.3478261, CustomDecal><1550.468><163.0345><-1~156~156~160~150~-2~-619~240.4346~0~1~0~BlueSmoker~0.3152174~0~0.8152174~0~0.2608696~0.4782609~0.1630435~0.7826087, CustomDecal><290.2582><125.0502><-84~168~855~170~797~-18~-84~-345~0.6521739~0.75~0~SquidSoup(B&W)~0.5869565~0.6413044~0.2391304~0~0~1~0.9891304~1, CustomDecal><1286.905><212.1231><-29~70~43~107~90~11~368~-136~0~1~0~WhiteTag2~0.4565217~0.4021739~1~0.4021739~0.5~0.4021739~0.5~0.4021739, CustomDecal><2165.113><136.646><-20~141~814~99~834~-24~0~222~0.3043478~1~0~VeryBigSimple~0.5652174~0.8804348~0.6847826~0.7282609~0~0.5217391~0~0.5217391, CustomDecal><1142.85><209.6325><20~106~118~91~79~1~233~3~0~1~0~RedGhostSquid~1~0~1~0~0.6413044~0.6630435~0.5434783~0.6847826, CustomDecal><2182.124><131.9068><0~116~409~108~406~-5~251~219~0.3043478~1~0~SmugLips~0.7608696~0~1~0~0.5652174~0.6847826~1~0.4782609, CustomDecal><749.1818><129.3334><0~217.2004~328.7453~200.2004~294.7453~-13~-420~-26~0.6521739~0.7608696~0~WideRabbitHead~0.7282609~0~0.6630435~0~0.7065217~0.2065217~0~0.2391304, CustomDecal><2595.114><116.8969><3~138.769~311.972~135.769~306.972~-4~142~-357~0.3152174~1~0~PillMan~0.6630435~0~1~0~0.6304348~0.3043478~0.1086956~0.3369565, PlayerPushback><-209.2365><244.9566><0~100, PlayerPushback><286.7538><708.0999><99~-51, PlayerPushback><425.4164><715.1838><0~100, PlayerPushback><569.5331><714.5633><0~100, PlayerPushback><712.8029><711.7646><0~100, PlayerPushback><882.879><714.5388><0~100, PlayerPushback><1046.269><716.2657><0~100, PlayerPushback><1207.684><717.7767><0~100, PlayerPushback><1378.231><718.0363><0~100, PlayerPushback><1553.924><715.7958><0~100, PlayerPushback><1718.554><715.903><0~100, PlayerPushback><1862.512><723.5453><0~100, PlayerPushback><2012.165><720.5292><0~100, PlayerPushback><2160.048><719.3011><0~100, PlayerPushback><2329.701><725.5126><0~100, PlayerPushback><2498.109><724.3257><0~100, PlayerPushback><2659.995><720.535><0~100, PlayerPushback><2819.265><718.7675><0~100, PlayerPushback><3035.278><723.2488><-200~-41, 
AmbientSounds: OMNI><AM_ENV-Outside.ogg><842.8004><638.0121><0.4347826><0.823913, OMNI><AM_ENV-LightWind.ogg><669.863><635.1458><0.4347826><0.6869565, SPOT><AM_IND-Utility02.ogg><37.97754><489.5513><0.5><1><24.97754><456.5513><-136.3553><-82.35535><0><0.4695654, SPOT><AM_ENV-NatWind.ogg><216.9705><486.9478><0.3478261><1><1641.97><578.9478><-286.3553><-9.355347><0><0.4804349, SPOT><AM_IND-Utility02.ogg><32.37085><367.0906><0.4347826><1><3147.371><457.0906><-105.3553><-144.3553><0><0.2739132, SPOT><AM_ENV-NatWind.ogg><212.9241><367.3483><0.326087><1><2631.924><581.3483><-177.3553><37.64465><0><0.4152175, 
FadePalette: 11, 0.1195652, 0.1195652, 0.1195652
