Grime: 0.423913
Palette: 1
Effects: Coldness-1-60-60, 
FadePalette: 8, 0.3152174
