Template: NONE
DangerType: Blizzard
Clouds: 1
Grime: 0.1086956
Palette: 8
EffectColorA: 20
EffectColorB: 20
PlacedObjects: NoSpearStickZone><474.3><252.4997><-232~132, 
AmbientSounds: OMNI><AM_IND-SuperStructure.ogg><830.6804><648.8125><0.3695652><0.7456522, OMNI><AM_WIN-StrongWnd2.ogg><650.9935><645.8001><0.3478261><1, OMNI><SO_WAT-LilDrips.ogg><470.3357><647.136><0.3043478><1, 
FadePalette: 13, 0.1304348
