Template: NONE
Clouds: 0.75
Grime: 0.3695652
BkgDroneVolume: 0.2769565
Palette: 33
EffectColorA: 4
EffectColorB: 1
Effects: LightRain-0.05434782-20-20, Coldness-0-30-30, 
PlacedObjects: ScavengerOutpost><684.0781><174.6173><10~224~-379~256.9999~0.5760869~25~75, CustomDecal><2801.843><109.3736><42~166~-748~135~-650~0~94~185~0~0.1956522~0~Scav Wedges~1~0.0326087~0.9565217~0.0326087~1~0.0326087~0.9456522~0.0326087, CustomDecal><2713.304><396.7111><12~334~-328~356~-325~6~-451~-693~0.1847826~1~0~ScavMark BigSun~0.9673913~0.07608695~1~0.07608695~0.9565217~0.07608695~0.9347826~0.07608695, CustomDecal><2602.182><296.6882><10~156~121~146~91~-24~287~-307~0.3152174~1~0~ScavMark UpSign~1~0~0.8913044~0~0.9130435~0.1304348~0.9021739~0.2934783, CustomDecal><926.9493><92.48433><0~264.7495~1276.228~264.7495~1276.228~0~107~248~0.326087~1~0~zGWMarks - C05~0.6739131~0~1~0~1~0.173913~0.9021739~0.008540941, CustomDecal><1999.055><150.9575><0~606.0854~987.4699~606.0854~987.4699~0~514~-479~0.3152174~0.4347826~0~zGWMarks - C05b~1~0~0.9347826~0~1~0.1521739~0.8586956~0.09782609, CustomDecal><2693.054><309.6925><-11.14168~345.392~-709.7758~142.1668~-676.8674~-38.42505~212~-432~0.6304348~1~0~zGWMarks - A01~1~0~1~0~0.9021739~0~0.8804348~0.2173913, CustomDecal><1993.638><431.0845><0~347~677~576~819~48~783~-573~0.6413044~1~0~zGWMarks - A12~1~0~1~0~0.9021739~0.06521739~0.7608696~0, CustomDecal><2950.373><150.0958><-39~661~-1236~446~-1180~-82~7~-488~0~0.1086956~0~zGWMarks - C05~0.3043478~0~0.7826087~0~1~0.2173913~0.8478261~0.3152174, 
AmbientSounds: OMNI><AM_ENV-WinterTrees.ogg><832.8128><652.1899><0.5><1, OMNI><AM_ENV-LightWind.ogg><658.1191><654.9012><0.4565217><0.8826087, SPOT><AM_WIN-WndTone.ogg><60.03241><500.0527><0.4130435><1><-43.96759><549.0527><-160.3553><-126.3553><0><0.3065219, SPOT><OM.wav><240.5951><498.1235><0.2934783><1><-9.404907><312.1235><-89.35535><-62.35535><0><0.3173914, SPOT><AM_ENV-CricketsWnd.ogg><59.94812><382.0275><0.4782609><0.9413043><493.9481><205.0306><-168.3553><-53.35535><0><0.3500001, SPOT><AM_IND-Utility02.ogg><248.7493><379.8><0.5><1><3024.749><536.8><-249.3553><-177.3553><0><0.3608697, SPOT><AM_ENV-NatWind.ogg><246.611><262.3938><0.4130435><1><1807.611><600.3938><-267.3553><41.64465><0><0.4913045, SPOT><AM_WIN_Hilltop.ogg><55.89966><267.3827><0.5869565><1><1700.9><88.38269><-141.3553><-48.35535><0><0.1, SPOT><AM_ENV-CricketsWnd.ogg><55.91809><150.6083><0.5><0.9413043><1001.625><213.569><284.6447><-166.3553><0><0.2086956, SPOT><SO_IND-HVAC.ogg><246.0616><30.317><0.3586957><0.8826087><3017.061><239.317><-190.3553><-132.3553><0><0.3173914, SPOT><AM_ENV-NatWind.ogg><248.0503><147.5103><0.4347826><1><2600.048><686.5701><-177.3553><-13.35535><0><0.5456523, 
FadePalette: 23, 0.6086956, 0.6086956, 0.5978261
RoomSpecificScriptActive: ON
