Template: NONE
DangerType: Rain
WaveSpeed: 0.4632905
WaveLength: 0.9816453
WaveAmplitude: 0.003902078
SecondWaveLength: 0.1666667
SecondWaveAmplitude: 0
Clouds: 1
BkgDroneVolume: 0
Palette: 33
Effects: Darkness-0.2391304-15-132, Coldness-0-30-30, 
AmbientSounds: OMNI><AM_ENV-CityTone.ogg><852.2225><642.9481><0.2391304><1, OMNI><SO_WAT-ProperDrips.ogg><673.7934><643.3048><0.3369565><1, 
FadePalette: 23, 0.3369565, 0.7065217, 1
