Template: NONE
DangerType: Blizzard
RumbleIntensity: 0.6630435
WaveSpeed: 0.4614643
WaveLength: 0.9807321
WaveAmplitude: 7.786259E-12
SecondWaveLength: 0.1666667
SecondWaveAmplitude: 0
Clouds: 0.3998526
Grime: 0.1956522
BkgDroneVolume: 0.2769565
Palette: 1431800
EffectColorB: 18
Effects: LightBurn-0.1413043-23-23, Coldness-1-26-73, Dustpuffs-1-25-127, 
PlacedObjects: CustomDecal><2738.672><176.1841><68~521~-325~462~-252~25~-429.2167~-156.0667~0~1~0~Rust2~0.7525363~1~0.7525363~1~0.2518911~1~0.174128~1, CustomDecal><2543.943><491.3019><-4~65~143~71~139~-4~-411~-119~0~1~0~ScavMark WingedOrb~0.5~0.2474637~0.7627603~0.3711953~0.5702442~0.5434783~0.2796876~0.5, SnowSource><4087.701><526.7513><None~1279~-526~50~86.60254~0.648339~1, SnowSource><1273.572><724.0646><None~-1273~-731~-449.7223~-199.5937~0.6082976~1, SnowSource><4139.14><264.4162><Radial~1032~-129~50~86.60254~0.6891645~1, SnowSource><2567.067><123.6697><Radial~1448.826~353.4~50~86.60254~0.7664967~1, SnowSource><452.0126><149.5269><Radial~2229.483~350.0444~50~86.60254~0.8804348~1, SnowSource><1251.851><543.3932><Radial~1136.869~-319.7556~50~86.60254~0.7391304~0.8152174, SnowSource><4826.393><106.5905><Radial~-4152.782~407.9111~50~86.60254~0.5901383~0, SnowSource><3348.689><159.555><Radial~2069.632~396.5333~50~86.60254~0.7370685~0, SnowSource><4880.201><479.6941><Radial~-2268.841~28.88885~50~86.60254~0.6288054~0, SnowSource><2964.15><78.99693><Radial~-521.499~470.4889~50~86.60254~0.6442705~0, SnowSource><2614.729><593.7291><Radial~1001.733~-356.5333~50~86.60254~0.6172698~0, SnowSource><1829.201><126.5727><Radial~-1513.272~217.3333~50~86.60254~1~0, SnowSource><144.835><659.7882><Radial~1094.223~-275.4667~85.57294~-184.3308~0.729336~0, 
AmbientSounds: OMNI><AM_ENV-WinterTrees.ogg><832.9009><653.3688><0.5217391><1, SPOT><AM_ENV-NatWind.ogg><61.62646><504.9073><0.4347826><1><453.6148><679.607><-376.3553><-28.35535><0><0.6000001, SPOT><AM_WIN_Hilltop.ogg><251.55><98.9957><0.5217391><1.136956><1245.062><544.9918><-275.3553><-119.3553><0><0.2630436, SPOT><AM_WIN_Hilltop.ogg><250.9248><384.0647><0.2934783><1><2595.516><519.0837><-188.3553><-16.35535><0><0.6652175, SPOT><AM_ENV-NatWind.ogg><61.78156><385.3025><0.4565217><1><3063.781><673.3171><-296.3553><44.64465><0><0.5456523, SPOT><AM_WIN_Hilltop.ogg><61.1803><265.4374><0.4130435><1><3450.184><392.4201><-149.3553><-123.3553><0><0.4260871, SPOT><AM_ENV-NatWind.ogg><265.1996><235.5114><0.4347826><1><4863.65><704.2099><-313.3553><9.644653><0><0.6000001, SPOT><AM_WIN_Hilltop.ogg><60.69379><138.0581><0.326087><1><4888.065><211.0492><-253.3553><-93.35535><0><0.2630436, 
FadePalette: 11, 0.1630435, 0.1847826, 0.2391304, 0.1956522, 0.1521739
