Template: NONE
DangerType: Flood
WaveSpeed: 0.5024593
WaveLength: 0.873726
WaveAmplitude: 0.002699544
SecondWaveLength: 0.1666667
SecondWaveAmplitude: 0
Clouds: 1
Palette: 23
Effects: Coldness-0-20-20, Darkness-0.2546422-30-30, 
PlacedObjects: BrokenShelterWaterLevel><644.9269><476.6862><, 
AmbientSounds: OMNI><AM_ENV-WinterTrees.ogg><831.1292><650.8473><0.3913043><0.726087, OMNI><SO_WAT-LilDrips.ogg><653.4498><652.759><0.2391304><1, 
FadePalette: 33, 0.7934783, 0.7826087
