Template: NONE
Clouds: 0.25
Grime: 0.3913043
BkgDroneVolume: 0.2769565
Palette: 23
EffectColorA: 4
EffectColorB: 1
Effects: Fog-0.5-22-79, Coldness-0-30-30, LightRain-0.07608695-25-120, 
PlacedObjects: TradeOutpost><706.5516><399.4746><-130~23, LanternOnStick><281.0656><238.5774><23~-120, LanternOnStick><380.342><452.3224><31~-118, LanternOnStick><206.4149><510.6132><-36~-167, CustomDecal><379.6042><338.4207><-151~717~748~687~625~-45~-758~-145~0.2608696~1~0~ScavMark GW_A24~0.8369565~0.02173913~0.8369565~0.02173913~0.8369565~0.02173913~0.8369565~0.02173913, CustomDecal><249.0723><79.09177><-19~612~106~613~109~-3~-653~112~0.6086956~1~0.3369565~Scav Wedges3(vert)~0.9456522~0.06521739~0.9456522~0.06521739~0.9456522~0.06521739~0.9456522~0.06521739, CustomDecal><27.6382><20.08389><17~646~571~626~529~-21~-414~254~0.3913043~0.5434524~0~ScavMark Stonehead2~0.8695652~0.07608695~0.8695652~0.07608695~0.8695652~0.07608695~0.8695652~0.07608695, CustomDecal><55.13556><-54.39713><25~588~958~373~934~6~-420~330~0.3043478~0.5869565~0~LC_ScavMarks3~0.8369565~0.1086956~0.8369565~0.1086956~0.8369565~0.1086956~0.8369565~0.1086956, DangleFruit><836.1287><526.591><0~0~2~25, InsectGroup><299.3596><190.1075><-108~-7~-145~-190~StandardFly~0.3913043, ColoredLightBeam><836.9497><355.0113><-43~364~-189~364~-223~9~0~0~0.4000005~0~0~1~None~0~0~EffectColor2~EffectColor2, LightSource><699.3019><722.4724><0.9021739~EffectColor2~-1~-268~-229~-239.3975~1~0~None~0~0, 
AmbientSounds: OMNI><AM_ENV-WinterTrees.ogg><830.2435><653.4499><0.3913043><1, OMNI><AM_ENV-LightWind.ogg><651.8005><656.4855><0.2934783><0.9217392, SPOT><AM_ENV-NatWind.ogg><838.6999><539.506><0.5><1><116.6999><714.506><-251.3553><-197.3553><0><1, SPOT><SO_IND-HeatDuct.ogg><841.1826><425.0817><0.3369565><1><928.1826><103.0817><-304.3553><-119.3553><0><0.7956523, 
FadePalette: 33, 0.8152174, 0.7717391, 0.7065217
