DangerType: Blizzard
RainIntensity: 1
RumbleIntensity: 0
WaveSpeed: 0.5606958
WaveLength: 0.9696521
WaveAmplitude: 2.558594E-05
SecondWaveLength: 0.1666667
SecondWaveAmplitude: 0
Clouds: 0.8912138
Grime: 0.1304348
BkgDroneVolume: 0.06956515
Palette: 30
EffectColorA: 10
EffectColorB: 2
Effects: Advertisements-1-286-66, Dustpuffs-1-290-11, DayNight-0.6195652-286-131, HeatWave-0-20-20, DustWave-1-30-30, LightBurn-0-40-40, 
PlacedObjects: CustomDecal><954.322><72.34161><-5~235~237~231~224~-5~113.0001~-291~0.326087~1~0~CityRed~0.2391304~1~0.2391304~1~0.2391304~1~0.2391304~1, CustomDecal><298.3987><598.0776><-7~229~462~233~459~0~-262~-550~0.2608696~1~0~CityRed~0.1956518~0.1956522~0.1956518~0.1956522~0.1956518~0.1956522~0.1956518~0.1956522, CustomDecal><1047.303><1393.693><0~210~328~206~319~1~-989~-296~0.326087~1~0~CityRed~0.1847826~0.1304348~0.1847826~0.1304348~0.1847826~0.1304348~0.1847826~0.1304348, DayNightSettings><749.8029><1135.966><5~8.660254~35~10, DangleFruit><1055.473><1013.645><0~0~2~3, DangleFruit><1083.328><1046.435><0~0~2~3, DangleFruit><1181.325><1041.404><0~0~2~3, DangleFruit><1110.401><1006.674><0~0~2~3, SnowSource><435.3196><1455.836><Radial~276~-29~-184~-387.3975~0.8586956~0.4782609, SnowSource><1035.859><1447.168><Radial~-249~-70~-378~-338.3975~0.6413044~0.326087, SnowSource><715.185><1359.939><Radial~181~-95~50~86.60254~0.6195652~0.1847826, SnowSource><549.5985><951.3806><Radial~312~214~-470~198.6025~0.5326087~0.326087, SnowSource><965.3218><1203.591><Radial~-3~76~50~86.60254~0.5869565~0.3478261, SnowSource><754.72><1206.292><Radial~117~19~50~86.60254~0.6413044~0.326087, SnowSource><991.9069><960.1772><Radial~239~24~50~86.60254~0.7391304~0.2608696, SnowSource><569.5722><730.9365><Radial~242~-175~-205~-386.3975~0.6086956~0.1630435, SnowSource><999.8745><470.3443><Radial~375~-58~-388.9999~-374.3975~0.7065217~0.1086956, SnowSource><989.5507><669.484><Radial~-271~-115~-9~-326.3975~0.7065217~0.3804348, SnowSource><528.5654><246.173><Radial~283~213~50~86.60254~0.7934783~0.4456522, 
FadePalette: 42, 0.08695652, 0.1086956
