DangerType: Blizzard
RainIntensity: 0
RumbleIntensity: 0
WaveSpeed: 0.5
WaveLength: 1
WaveAmplitude: 5.605194E-45
SecondWaveLength: 0.1666667
SecondWaveAmplitude: 0
Grime: 0
Palette: 28
Effects: LightBurn-0.06521739-20-20, Dustpuffs-1-18-96, DayNight-0.5869565-577-69, RoofTopView-1-295-14, HeatWave-0-30-30, 
PlacedObjects: LightSource><1964.163><452.1158><1~Environment~-217~-47~-25~-374.3975~1~0~None~0~0, LightSource><2131.898><475.1347><0.6847826~Environment~418~-221~113~374.6025~1~0~None~0~0, LightSource><3317.533><662.1973><0.7065217~Environment~375~-65~-269~-170.3975~1~0~None~0~0, LightSource><467.3328><723.068><0.7826087~Environment~-115~-151~50~86.60254~1~0~None~0~0, LightSource><795.3229><737.0637><0.7173913~Environment~149~-147~50~86.60254~1~0~None~0~0, LightSource><89.83246><636.1092><0.6521739~Environment~182~83~-48~-161.3975~0~0~None~0~0, SuperStructureFuses><3569.161><375.4291><93~60, LightSource><3625.199><700.2266><0.7391304~Environment~192~12~-442~-345.3975~1~0~None~0~0, NoSpearStickZone><3723.052><799.2798><-202~-68, CustomDecal><356.9548><334.0552><-7~141~100~132~89~0~-319~-22~0.05434782~1~0~RustB2~0.5108696~0.2934783~0.6521739~0.2934783~1~0.2934783~1~0.2934783, DataPearl><601.8202><362.9373><-194~-146~0~0~Misc~1, ScavengerOutpost><2173.891><432.6417><-9~158~76~-350~0.3608632~79~52, ScavengerTreasury><2095.342><341.1287><6~113, DayNightSettings><717.1904><245.8091><5~8.660254~35~10, CustomDecal><1803.583><508.8524><0~54~579~49~591~8~1072~-78~0~1~0.04347826~LC_Toll1A~0.6630435~0~0.4673913~0~0.8695652~0~0.8043478~0, CustomDecal><1770.05><323.0009><-3~178~651~172~629~-11~848~117.0289~0.3043478~1~0~LC_Toll1B~0.8804348~0.05434782~0.6521739~0.25~0.8804348~0.1413043~0.3586957~0.0326087, CustomDecal><1853.67><234.1229><-8~153~204~161~207~1~774~172.9992~0~0.326087~0~LC_Toll1C~0.7717391~0.06521739~0.9130435~0.01086957~0.8695652~0.04347826~0.9347826~0.02173913, CustomDecal><2105.554><230.0383><-13~151~249~159~218~0~524~145~0~0.326087~0~LC_Toll1D~0.7391304~0.04347826~0.9021739~0~0.5434783~0.02173913~0.7391304~0.04347826, CustomDecal><1232.674><315.3148><-4~172~223~182~234~0~-253~-58~0.3152174~1~0~LC_Toll1E~0.7717391~0.05434782~0.9456522~0.09782609~0.8695652~0.02173913~0.9456522~0.02173913, CustomDecal><1465.171><314.5663><-8~377~336~369~329~1~0~0~0~1~0~LC_Toll1F~0.5326087~0.04347826~0.8369565~0.07608695~0.7282609~0~0.5978261~0.02173913, 
AmbientSounds: OMNI><AM_ENV-CityTone.ogg><884.1913><583.1917><0.25><1, DIR><AM_ENV-NatWind.ogg><704.0555><567.0468><0.3913043><1.782609><77.11897><0, DIR><AM_IND-12thFloor.ogg><886.0123><489.0504><0.4782609><1><-167.7843><0, SPOT><Deep Weird Wind.wav><523.9399><575.8127><0.326087><1><961.9399><29.81275><-129.3553><76.64466><0><0.404348, SPOT><AM_WIN-StrongWnd2.ogg><529.3308><459.183><0.326087><1><2861.331><91.18298><-284.3553><-8.355347><0><0.3608697, 
FadePalette: 42, 0, 0.05434782, 0.1413043, 0.04347826
