DangerType: Blizzard
RainIntensity: 0
RumbleIntensity: 0
WaveSpeed: 0.5
WaveLength: 1
WaveAmplitude: 0
SecondWaveLength: 0.1666667
SecondWaveAmplitude: 0
Clouds: 0
Grime: 0.04347826
Palette: 30
Effects: Dustpuffs-1-278-51, Advertisements-0.4456522-280-109, DayNight-0.4347826-349-163, RoofTopView-1-20-82, HeatWave-0-20-20, 
PlacedObjects: CustomDecal><873.6673><1025.11><0~59~138~60~138~0~-820~8~0.3369565~1~0~CityRed~0.5434783~1~0.5434783~1~0.5434783~1~0.5434783~1, CustomDecal><839.7975><1087.306><-6~60~137~58~139~0~-785~-59~0.3369565~0.6195652~0.6413044~CityRed~0.5434783~0.3586957~0.5434783~0.3586957~0.5434783~0.3586957~0.5434783~0.3586957, CustomDecal><875.9175><1145.932><0~55~126~55~124~1~-824~-117~0.3369565~0.7173913~0~CityRed~0.5434783~0~0.5434783~0~0.5434783~0~0.5434783~0, CustomDecal><836.9872><1203.45><-1~60~141~59~141~1~-783~-171~0.326087~1~0~CityRed~0.5434783~0~0.5434783~0~0.5434783~0~0.5434783~0, CustomDecal><878.3558><1263.42><-1~74~134~72~132~0~-823~-230~0.3152174~1~0~CityRed~0.5434783~0~0.5434783~1~0.5434783~0~0.5434783~0, CustomDecal><833.4493><965.9666><0~61~143~58~142~-1~-787~56~0.2934783~0.8152174~1~CityRed~0.5326087~0~0.5326087~0~0.5326087~0~0.5326087~0, CustomDecal><888.1889><1033.31><0~40~114~37~111~3~-832~-7~0~1~0~CityRed~0.5434783~0~0.5434783~0~0.5434783~0~0.5434783~0, CustomDecal><877.4979><909.8><-1~59~139~58~142~-5~-822~125~0~1~0~CityRed~0.5434783~0~0.5434783~0~0.5434783~0~0.5434783~0, CustomDecal><896.4324><773.5618><2~64~135~62~138~-3~-403~-708~0~1~0~CityRed~0.4891304~0~0.4891304~0~0.4891304~0~0.4891304~0, CustomDecal><837.0822><837.8911><-1~79~142~76~141~0~-782~193~0~1~0~CityRed~0.5434783~0~0.5434783~0~0.5434783~0~0.5434783~0, SuperStructureFuses><1190.801><1796.02><151~125, CustomDecal><721.1223><2119.847><11~302~377~281~382~-11~-328~-118~0.5326087~1~1~ShinyTag~0.4673913~0.5978261~0.4673913~0.5978261~0.4673913~0.5978261~0.4673913~0.5978261, KarmaFlower><945.4758><2007.301><-369~-89~5~7, LightSource><823.845><1786.873><0.5978261~Environment~305~-40~-598~-7.397461~1~0~None~0~0, Rainbow><308.86><523.583><-277~177~-165~-468~0.8260869,0.2608696,0.6413044,0,0.7826087,0.5630434, CustomDecal><697.9621><619.9464><1~158~369~145~375~-4~64.25043~-531.7198~0.2717391~1~0~CityRed~0.5434783~1~0.5434783~1~0.5434783~1~0.5434783~1, CustomDecal><1071.975><654.6984><-4~73~57~73~45~2~-53~-424~0.2173913~1~0~CityRed~0.4891304~0~0.4891304~0~0.4891304~0~0.4891304~0, DayNightSettings><711.3555><2028.612><5~8.660254~35~31, 
AmbientSounds: OMNI><AM_ENV-LightWind.ogg><706.1177><518.65><0.5543478><1, OMNI><AM_IND-12thFloor.ogg><697.3388><353.3208><0.2826087><1, OMNI><AM_SUB-MysticCave1.ogg><719.7327><235.1992><0.3913043><1, 
FadePalette: 42, 0.1521739, 0.09782609, 0.0326087
