DangerType: Blizzard
RainIntensity: 0
RumbleIntensity: 0
WaveSpeed: 0.5
WaveLength: 1
WaveAmplitude: 0
SecondWaveLength: 0.1666667
SecondWaveAmplitude: 0
Clouds: 0
Grime: 0.04347826
Palette: 30
Effects: Dustpuffs-1-278-51, Advertisements-0.3586957-280-109, DayNight-0.4347826-349-163, HeatWave-0-20-20, DustWave-1-30-30, Coldness-0-40-40, Fog-1-50-50, 
PlacedObjects: CustomDecal><873.6673><1025.11><0~59~138~60~138~0~-1137~98~0.3369565~1~0~CityRed~0.3586957~1~0.3586957~1~0.3586957~1~0.3586957~1, CustomDecal><839.7975><1087.306><-6~60~137~58~139~0~-1102~60~0.3369565~0.6195652~0.6413044~CityRed~0.423913~0.25~0.423913~0.25~0.423913~0.25~0.423913~0.25, CustomDecal><875.9175><1145.932><0~55~126~55~124~1~-1143~-16~0.3369565~0.7173913~0~CityRed~0.3586957~0.7934783~0.3586957~0.3043478~0.3586957~0.3043478~0.3586957~0.2934783, CustomDecal><836.9872><1203.45><-1~60~141~59~141~1~-1104~-76~0.326087~1~0~CityRed~0.3586957~0.2173913~0.3586957~0.2173913~0.3586957~0.2173913~0.3586957~0.2173913, CustomDecal><878.3558><1263.42><-1~74~134~72~132~0~-1140~-67~0.3152174~1~0~CityRed~0.4130435~0.5978261~0.4130435~1~0.4130435~0.9239131~0.4130435~1, CustomDecal><833.4493><965.9666><0~61~143~58~142~-1~-1100~183~0.2934783~0.8152174~1~CityRed~0.3478261~0.07608695~0.3478261~0.07608695~0.3478261~0.07608695~0.3478261~0.07608695, CustomDecal><888.1889><1033.31><0~40~114~37~111~3~-1155~198~0~1~0~CityRed~0.4021739~0.2826087~0.4021739~0.2826087~0.4021739~0.2826087~0.4021739~0.2826087, CustomDecal><877.4979><909.8><-1~59~139~58~142~-5~-1144~310~0~1~0~CityRed~0.3586957~0.1847826~0.3586957~0.1847826~0.3586957~0.1847826~0.3586957~0.1847826, CustomDecal><896.4324><773.5618><2~64~135~62~138~-3~-403~-708~0~1~0~CityRed~0.4021739~0.1413043~0.4021739~0.1413043~0.4021739~0.1413043~0.4021739~0.1413043, CustomDecal><837.0822><837.8911><-1~79~142~76~141~0~-1103~405~0~1~0~CityRed~0.423913~0.1304348~0.423913~0.1304348~0.423913~0.1304348~0.423913~0.1304348, SuperStructureFuses><1190.801><1796.02><151~125, CustomDecal><721.1223><2119.847><11~302~377~281~382~-11~-776~-163~0.5326087~1~1~ShinyTag~0.173913~0.75~0.173913~0.75~0.173913~0.75~0.173913~0.75, LightSource><823.845><1786.873><0.3586957~Environment~305~-40~-1090~242.6025~1~0~None~0~0, Rainbow><308.86><523.583><-277~177~-165~-468~0.8260869,0.2608696,0.6413044,0,0.7826087,0.5630434, CustomDecal><697.9621><619.9464><1~158~369~145~375~-4~126.2504~-827.7198~0.2717391~1~0~CityRed~0.423913~1~0.423913~1~0.423913~1~0.423913~1, CustomDecal><1071.975><654.6984><-4~73~57~73~45~2~-32~-836~0.2173913~1~0~CityRed~0.3369565~0.3478261~0.3369565~0.3478261~0.3369565~0.3478261~0.3369565~0.3478261, DayNightSettings><711.3555><2028.612><5~8.660254~35~31, SnowSource><508.4481><1884.443><Radial~561~-82~50~86.60254~0.6413044~0.2282609, SnowSource><838.4385><2127.933><Radial~-385~-33~-750~-324.3975~0.5543478~0.4565217, SnowSource><1067.051><2124.734><Radial~221~14~50~86.60254~0.7934783~0.2717391, SnowSource><978.7707><1622.699><Radial~-298~-12~50~86.60254~0.5434783~0.2282609, SnowSource><804.0724><1562.592><Radial~-159~-79~-314~-374.3975~0.5217391~0, SnowSource><745.4453><1256.793><Radial~177~-6~50~86.60254~0.7282609~0.2717391, SnowSource><748.6317><1040.401><Radial~222~-39~-330~20.60254~0.6956522~0.3043478, SnowSource><927.6863><1444.927><UnSnow~-10~37~-493~-194.3975~1~0, SnowSource><876.5797><1442.433><UnSnow~29~42~50~86.60254~1~0, SnowSource><1011.934><1436.561><UnSnow~4~62~50~86.60254~1~0, SnowSource><849.4084><1461.428><Radial~48~-13~-307~-313.3975~0.75~0.4782609, Corruption><938.4473><512.2831><-123~96, SnowSource><183.5956><384.1229><Radial~878~230~50~86.60254~0.5326087~0.1956522, SnowSource><764.7728><572.3013><Radial~279~5~254~-416.3974~0.6195652~0.2065217, 
AmbientSounds: OMNI><AM_ENV-LightWind.ogg><706.1177><518.65><0.5543478><1, OMNI><AM_IND-12thFloor.ogg><697.3388><353.3208><0.2826087><1, OMNI><AM_SUB-MysticCave1.ogg><719.7327><235.1992><0.3913043><1, 
FadePalette: 42, 0.1521739, 0.09782609, 0.0326087
