DangerType: Blizzard
CeilingDrips: 0.02827221
RainIntensity: 1
RumbleIntensity: 0
WaveSpeed: 0.8153613
WaveLength: 0.8423194
WaveAmplitude: 5.605194E-45
SecondWaveLength: 0.1666667
SecondWaveAmplitude: 0
Clouds: 0
Grime: 0.04347826
Palette: 30
EffectColorA: 13
Effects: DayNight-0.4347826-274-7, HeatWave-0-20-20, DustWave-1-30-30, Fog-1-40-40, 
PlacedObjects: LightSource><521.4208><468.3541><0.4689772~Environment~238~-342~-451~15.60254~1~0~None~0~0, LightSource><713.5993><3190.119><1~Environment~265~-102~-298~-74.39752~1~0~None~0~0, LightSource><369.6658><1620.639><0.1551408~Environment~281~12~50~86.60254~1~0~None~0~0, LightSource><375.88><1429.411><0.4887457~Environment~259~-41~271.2635~222.4248~1~0~None~0~0, LightSource><293.5691><1215.438><0.3263364~Environment~340~23~50~86.60254~1~0~None~0~0, LightSource><605.5692><810.6647><0.5432888~Environment~-208~129~-377~-3.411926~1~0~None~0~0, LightSource><510.9954><1078.462><0.7608696~Environment~-167~63~-173~-249.3975~1~0~None~0~0, LightSource><589.0523><1102.969><1~Environment~-150~-46~-374~-148.3975~1~0~None~0~0, ReliableSpear><791.1276><2625.904><, SeedCob><775.5814><2728.892><-429~-34~7~10, DayNightSettings><510.3625><2961.915><5~8.660254~35~10, CustomDecal><238.9331><1219.907><0~585~449~584~452~-12~-428~2~0.3260883~1~0~nightglobe~0.2445878~0.2242641~0.442946~0.2242641~0.2876358~0.2242641~0.4726335~0.2242641, SnowSource><83.97897><295.2191><Radial~388.4562~358.1333~50~86.60254~0.6442705~0, SnowSource><537.9807><454.5079><Radial~-416.9146~1.155579~-545.4906~-115.353~0.2808085~0.09279865, SnowSource><676.2757><3107.816><Radial~92.48956~-323.8222~140.3552~-295.2642~0.5437383~0.1469063, SnowSource><620.2512><2926.032><Radial~12.80621~124.8889~-216.0854~-251.2172~0.6056041~0.2319973, SnowSource><737.8055><2910.505><Radial~-2.134399~44.53333~-142.0938~-289.5753~0.7448027~0, SnowSource><860.054><2904.573><Radial~-4.980225~48.08887~-276.5594~136.3803~0.7602692~0, SnowSource><683.5607><2642.793><Radial~-22.7666~-179.4666~50~86.60254~0.4664068~0, SnowSource><631.7101><2328.002><Radial~265.3739~67.99997~50~86.60254~0.7370698~0.08506576, SnowSource><826.2671><2194.301><Radial~-0.7115479~70.84445~50~86.60254~0.659737~0, SnowSource><452.6021><1754.716><Radial~272.4886~109.2444~50~86.60254~0.497339~0.4485281, SnowSource><408.9145><1405.222><Radial~219.8406~241.5111~50~86.60254~0.6056041~0.4330617, SnowSource><703.2149><1477.206><Radial~21.34375~258.5778~50~86.60254~0.5437383~0.2474631, SnowSource><787.7501><1891.203><Radial~-287.4292~-101.9556~50~86.60254~0.3504081~0, SnowSource><784.1671><1645.004><Radial~-229.0896~-3.822205~50~86.60254~0.3426739~0.1469315, SnowSource><417.7866><1239.274><Radial~101.7385~-202.2222~-450.1552~-135.2641~0.4741397~0, SnowSource><562.407><939.1753><Radial~-300.2354~-31.55554~50~86.60254~0.4741397~0, SnowSource><574.3779><753.6182><Radial~-249.7219~56.62222~50~86.60254~0.5746725~0.2010637, 
AmbientSounds: OMNI><AM_ENV-LightWind.ogg><731.881><518.3489><0.3478261><1, OMNI><Mech Multiactive Highpass.wav><788.1259><370.5946><0.2608696><1, 
FadePalette: 42, 0.08695652, 0.09782609, 0.08695652, 0.07608695, 0.09782609
