DangerType: Blizzard
Clouds: 0.2717391
Grime: 0.4021739
BkgDroneVolume: 0.2608696
Palette: 2
EffectColorA: 10
EffectColorB: 2
Effects: SkyDandelions-0-20-20, Flies-0-30-30, Coldness-1-40-40, Dustpuffs-1-50-50, LightBurn-0.02173913-60-60, 
PlacedObjects: DataPearl><848.6318><635.6005><0~0~0~0~Misc~0, SnowSource><472.9467><363.9639><None~1269~-591~132~26.60254~0.5217391~1, 
AmbientSounds: OMNI><AM_ENV-WinterHum.ogg><830.6936><511.6919><0.3152174><1, 
FadePalette: 0, 0.3804348
