RainIntensity: 0.423913
RumbleIntensity: 0.423913
Clouds: 0.1630435
BkgDroneVolume: 0.2608696
Palette: 26
Effects: PixelShift-0.5-32-65, AboveCloudsView-1-20-20, SkyDandelions-0-64-115, LightRain-0.05434782-30-30, DayNight-1-283-12, HeavyRain-0.0326087-40-40, Coldness-0-50-50, 
PlacedObjects: DevToken><474.6428><349.1099><15~-144~0~0~0~~NCREntropy~0~0~0~1, DayNightSettings><480.3369><363.6157><5~8.660254~3~31, 
AmbientSounds: OMNI><AM_ENV-LightWind.ogg><863.437><563.679><0.3695652><0.9413043, SPOT><AM_WIN-StrongWnd2.ogg><761.6381><222.0843><0.3369565><1><-8.361938><282.0843><-193.3553><-76.35535><0><0.6326088, SPOT><AM_IND-ElectricHum02.ogg><867.9023><453.6297><0.2173913><1><679.9023><366.6297><-35.35534><-35.35534><0><0.2195653, SPOT><AM_IND-ElectricHum03.ogg><854.6233><345.3452><0.2173913><1.019565><287.6233><369.3453><-35.35534><-35.35534><0><0.2413045, 
FadePalette: 2, 0.7608696
