DangerType: Blizzard
Clouds: 0.2391304
Grime: 0.3043478
BkgDroneVolume: 0.2608696
Palette: 2
EffectColorA: 10
EffectColorB: 2
Effects: SkyDandelions-0-20-20, Flies-0-30-30, Coldness-1-28-83, Dustpuffs-1-28-130, LightBurn-0.01086957-282-27, 
PlacedObjects: DeadSeedCob><2653.231><502.1991><, SeedCob><2091.796><644.8055><0~0~7~10, DeadSeedCob><2122.743><517.3001><, DeadSeedCob><186.5546><738.4573><, SeedCob><268.7858><821.9468><0~0~7~10, SeedCob><783.211><704.0538><63~-504~7~10, DataPearl><2957.183><272.4317><17~43~0~0~Misc~0, DataPearl><332.5669><229.0685><-261~-186~0~0~Misc~0, CustomDecal><2216.301><367.0149><-77~168~387~175~342~2~491~-488~0.6413044~1~0~CrudeBubblyB&W~0.5217391~0~1~0~0~0~0~0.6739131, CustomDecal><2344.428><397.9366><-14~78~213~107~197~1~367~-551~0~1~0~junkGraffiti2~0.423913~0.4021739~0~0.4021739~0.5108696~0.4021739~0.5108696~0.4021739, CustomDecal><609.9626><536.8035><-2~171~482~183~488~4~-265~-688~0.6630435~1~0~BigWhiteEyes~0.4891304~0~1~0~0.6413044~1~0~1, CustomDecal><407.1374><560.0847><-15~72~281~164~307~33~-40~-742~0.6521739~1~0~WhiteTagDecent~0.6739131~0~1~0~0~0.8152174~1~0.7173913, CustomDecal><670.5502><316.9903><-24~137~217~141~189~3~-117~-439~0.2608696~1~0~CrudeGrey~1~1~0.7934783~1~0~1~0~1, CustomDecal><252.0997><118.382><-95~396~985~419~966~-19~-37~-239~0.1304348~1~0~Rust3~1~1~1~1~0~1~0~1, CustomDecal><1800.375><100.3441><-37~239~1222~269~1164~-159~166~-223~0.0326087~1~0~Rust3~1~1~1~1~0.7173913~1~0~1, CustomDecal><585.6427><321.6401><3~133~167~129~168~-19~20~-461~0.2391304~1~0~YuyuBear~1~0~1~0~0.4130435~0.7282609~1~0.8152174, CustomDecal><2141.155><406.377><16~119~-222~106~-184~-18~470~-552~0.6086956~1~0~SR~0.25~0.4021739~0.6304348~0.6195652~0.8152174~1~0.1630435~0.6956522, SnowSource><1546.908><479.1222><None~1282~749~50~86.60254~0.4130972~1, SnowSource><2734.367><384.9124><Radial~456~403~50~86.60254~0.3369565~1, SnowSource><-35.86163><482.334><Radial~1046~-286~50~86.60254~0.5652174~1, 
AmbientSounds: SPOT><AM_IND-12thFloor.ogg><749.5956><355.1271><0.3586957><1><755.5956><358.1271><-192.3553><13.64465><0><0.3391306, SPOT><AM_IND-Utility02.ogg><754.0623><227.44><0.2934783><1><2368.062><236.44><-227.3553><44.64465><0><0.4804349, SPOT><AM_IND-ElectricHum01.ogg><688.2332><621.0507><0.25><1><2372.233><673.0507><-49.35535><-24.35535><0><0.3608697, OMNI><AM_ENV-WinterHum.ogg><862.1534><516.1217><0.2717391><1, 
FadePalette: 0, 0.3478261, 0.3586957, 0.3369565
