Clouds: 0.6956522
Palette: 3
EffectColorA: 7
Effects: DustWave-1-171-73, Coldness-0-51-135, LightRain-0.0326087-65-101, 
PlacedObjects: LightSource><1563.777><704.6597><0.3043478~Environment~-88~-191~-445~-247.3975~1~0~None~0~0, LightBeam><1711.793><82.32625><-105~628~-215~629~-148~40~0~0~0.4543477~0.173913~0.1304348~1~Fade~0.06521739~0, Vine><1882.71><529.8551><112~136, Vine><2260.346><651.6151><97~-33, Vine><2355.484><599.7281><-79~52, 
FadePalette: 20, 0.326087, 0.3369565
