Template: NONE
DangerType: Blizzard
RainIntensity: 0.25
RumbleIntensity: 0.2391304
WaveSpeed: 0.4995588
WaveLength: 0.9997794
WaveAmplitude: 1.453351E-05
SecondWaveLength: 0.1666667
SecondWaveAmplitude: 0
Grime: 0.3043478
Palette: 0
Effects: Coldness-0-20-20, 
PlacedObjects: BrokenShelterWaterLevel><543.9487><367.9773><, 
AmbientSounds: OMNI><AM_ENV-LightWind.ogg><831.9324><644.0821><0><0.7847826, OMNI><AM_ENV-NatWind.ogg><819.4498><532.5099><0.2608696><1, 
FadePalette: 15, 0.5108696
