Template: CC_SettingsTemplate_Inside
DangerType: Blizzard
RainIntensity: 0
RumbleIntensity: 0
WaveSpeed: 0.5
WaveLength: 1
WaveAmplitude: 5.605194E-45
SecondWaveLength: 0.1666667
SecondWaveAmplitude: 0
Clouds: 0.3906592
Grime: 0.09030782
Palette: 29
PlacedObjects: BrokenShelterWaterLevel><433.0844><336.1379><, 
AmbientSounds: SPOT><SO_IND-Fridge.ogg><741.6847><367.0767><0.2391304><1><225.6847><368.0767><-67.35535><-13.35535><0><0.3717393, 
FadePalette: 10, 0.6959919
