Template: CC_SettingsTemplate_Gutter
DangerType: None
WaveSpeed: 0.4919061
WaveLength: 0.995953
WaveAmplitude: 0.127296
SecondWaveLength: 0.1666667
SecondWaveAmplitude: 0
Clouds: 0.8695652
Grime: 0.3586957
Palette: 4
Effects: LightRain-0.01086957-30-30, 
PlacedObjects: BrokenShelterWaterLevel><477.8003><204.261><, 
FadePalette: 22, 0.8804348
