DangerType: Blizzard
WaveSpeed: 0.5677601
WaveLength: 0.9661199
WaveAmplitude: 0.0006332764
SecondWaveLength: 0.1666667
SecondWaveAmplitude: 0
BkgDroneVolume: 0
PlacedObjects: UniqueDataPearl><735.6545><270.873><-161~93~0~0~SH~1, ExitSymbolHidden><286.4062><71.62514><, SnowSource><181.8786><117.9343><Radial~439.6812~4.000031~50~86.60254~0.4045404~0, SnowSource><715.5729><91.82222><Radial~439.6812~4.000031~50~86.60254~0.4045404~0, 
AmbientSounds: SPOT><Weird Deep Hole.wav><749.1419><386.3591><0.2826087><1><484.1419><83.35907><-124.3553><41.64466><0><0.404348, SPOT><SO_NAT-LilDrips.ogg><105.0789><392.0662><0.3369565><1><180.0789><82.06622><-220.3553><26.64465><0><0.3065219, SPOT><SO_NAT-LilDrips.ogg><109.9468><520.4641><0.2608696><1><730.9468><127.4641><-106.3553><-82.35535><0><0.4260869, 
