DangerType: Blizzard
RainIntensity: 0.1184102
RumbleIntensity: 0.1029438
WaveSpeed: 0.5004619
WaveLength: 0.999769
WaveAmplitude: 7.742296E-05
SecondWaveLength: 0.1666667
SecondWaveAmplitude: 0
AmbientSounds: OMNI><AM_ENV-CityTone.ogg><831.9499><649.2431><0.3369565><1, OMNI><SO_WAT-LilDrips.ogg><647.4644><647.6968><0.3152174><1, 
