DangerType: Blizzard
RainIntensity: 0
RumbleIntensity: 0
WaveSpeed: 0.5
WaveLength: 1
WaveAmplitude: 2.900688E-43
SecondWaveLength: 0.1666667
SecondWaveAmplitude: 0
BkgDroneVolume: 0
PlacedObjects: BrokenShelterWaterLevel><526.0503><500.7391><, SnowSource><386.2545><518.5989><Radial~0~100~91.97607~-162.2864~0.497339~0, 
AmbientSounds: SPOT><AM_IND-Utility02.ogg><740.9316><460.0838><0.3478261><1><618.9316><534.0839><-108.3553><-58.35535><0><0.3173914, 
