Template: NONE
DangerType: FloodAndRain
WaveSpeed: 0.5078658
WaveLength: 0.9960671
WaveAmplitude: 0.008645845
SecondWaveLength: 0.1666667
SecondWaveAmplitude: 0
Clouds: 0.2065217
Grime: 0.1195652
Palette: 9
EffectColorA: 2
EffectColorB: 1
Effects: WaterDepth-0.05434782-20-20, HeatWave-0.1630435-30-30, 
PlacedObjects: CustomDecal><729.4597><193.5541><0~389~280~389~280~0~-706~-435~0.326087~0.3913043~0~MutantRabbit~0.6630435~0.1847826~0.3478261~0.1086956~0.5~0.2826087~0~0.25, CustomDecal><730.9709><103.8021><-2~241~272~245~263~53~-426~-338~0.3152174~1~0~SR~1~0.5652174~0.6086956~0.5652174~0~0.5652174~0.5217391~0.5652174, CustomDecal><142.0445><117.805><0~339~203~339~203~0~228~-322~0.326087~1~0~Actual Vertical Pink~0.1956522~0.173913~1~0~0.8043478~0.3586957~0~0.8695652, CustomDecal><217.658><181.1226><0~145.1826~87.62498~145.1826~87.62498~0~86~-400~0.3152174~1~0~WhiteTag~0.6195652~0~1~0~0.7608696~0.5~0.1630435~0.423913, CustomDecal><624.2447><48.05008><0~251~193~251~193~0~-46~-274~0.6521739~1~0~UNQ - FacePlug~0.75~0~0~0~0~0.5108696~0.6195652~0.4130435, CustomDecal><293.999><86.29999><0~412.5882~141.2973~412.5882~141.2973~0~140~-277~0.6630435~1~0~CactusMan~0.7173913~0~0.5869565~0.1956522~0.2934783~0.4021739~0.4021739~0.4347826, CustomDecal><405.3866><555.1647><-10~109.8666~300.6942~105.8666~292.6942~20~-482~-287~0.3043478~0.3586957~0~BlueWhiteJunk~0.3478261~0~0.5434783~0.4021739~0~0.3152174~0.5978261~0.7173913, CustomDecal><786.3833><193.9124><26~69.62259~196.0206~56.62259~165.0206~-20~53~-436~0.326087~1~0~WhiteTag7~0.9239131~0~0.8804348~0~0~1~1~0.5543478, CustomDecal><104.8004><55.73682><-54~148~1074~144~1041~-8~156~291~0.01086957~1~0~DirtyWaterLine~1~0.5434783~0.5326087~0.5434783~0~0.5434783~0~0.5434783, LightSource><551.8002><363.2415><0.2934783~Environment~590~241~50~86.60254~1~0~None~0~0, 
AmbientSounds: OMNI><SO_WAT-OpenFlow.ogg><724.1822><472.9381><0.2173913><1, SPOT><SO_WAT-RunningWater.ogg><732.4119><358.1325><0.2608696><1><746.4119><102.1325><-186.3553><134.6447><0><0.5565219, OMNI><AM_ENV-NatWind.ogg><735.683><548.9193><0.2717391><1, SPOT><AM_ENV-WinterHum.ogg><746.0737><221.9055><0.4456522><1><539.0737><255.9055><-183.3553><-200.3553><0><0.3826088, 
FadePalette: 36, 0.7173913
