DangerType: FloodAndRain
WaveSpeed: 0.5007328
WaveLength: 0.9996336
WaveAmplitude: 5.482116E-07
SecondWaveLength: 0.1666667
SecondWaveAmplitude: 0
Clouds: 0.1304348
Grime: 0.3043478
RandomItemDensity: 0.9673913
RandomItemSpearChance: 0.373913
Palette: 39
Effects: Flies-0.1195652-21-75, SilenceWater-0.4347826-21-131, WaterDepth-0.1195652-279-22, LightBurn-0.08695652-265-89, HeatWave-0-273-193, Coldness-0-30-30, DirtyWater-1-20-20, 
PlacedObjects: CustomDecal><358.876><292.6553><-154~679~349~739~375~-4~296~-141~0.2608696~1~0.7391304~Rust2~0.5978261~0.4673913~0.5978261~0.4673913~0.5978261~0.4673913~0.5978261~0.4673913, CustomDecal><79.76245><148.8004><-191~731~1049~737~1073~-35~-198~97~0.01086957~1~0.3586957~Rust1~0.5434783~1~0.5434783~1~0.5434783~1~0.5434783~1, LightBeam><490.6597><485.1785><-152~452~127~499~162~-32~-326~-162~0.08478247~0.3804348~0~1~None~0~0, CustomDecal><2471.37><526.6519><-157~711~199~736~214~-5~-618~149~0.2608696~1~0.3043478~Rust2~0.8478261~0.2934783~0.8478261~0.2934783~0.8478261~0.2934783~0.8478261~0.2934783, CustomDecal><2050.322><394.5911><-160~680~1024~674~1098~-40~-81~-36~0.08695652~1~0.7065217~Rust3~0.6739131~0.8804348~0.6739131~0.8804348~0.6739131~0.8804348~0.6739131~0.8804348, LightBeam><2477.466><590.3029><-85~564~169~549~276~-84~380~-181~0.08478247~0.4782609~0.2717391~1~None~0~0, ReliableSpear><2632.82><590.8125><, ReliableSpear><2504.576><590.0984><, Hazer><1348.477><352.9486><0~0~7~10, KarmaFlower><518.3122><355.6926><0~0~9~21, LightBeam><543.3371><295.0872><65~611~-151~611~-49~48~0~0~0.6826092~0.5108696~0.4565217~1~Fade~0~0, LightSource><517.8558><354.868><0.4565217~Environment~17~177~50~86.60254~0~0~Fade~0.3152174~0, 
AmbientSounds: SPOT><SO_WAT-RunningWater.ogg><819.4042><285.8726><0.4565217><0.6673913><2187.404><571.8726><136.6447><15.64465><0><0.8391306, SPOT><SO_WAT-Splashes.ogg><828.5868><409.1156><0.2173913><0.9804348><2193.587><544.1156><164.6447><42.64465><0><0.6326088, OMNI><SO_WAT-MoreDrips.ogg><668.119><557.0989><0.5><1, OMNI><SO_WAT-ProperDrips.ogg><494.0564><553.7><0.5><1, OMNI><AM_IND-Utility02.ogg><837.3013><645.9775><0><1, OMNI><SO_IND-HeatDuct.ogg><857.5117><573.3004><0><1, SPOT><AM_ENV-NatWind.ogg><657.8016><439.5251><0.3913043><1><2528.802><1094.525><19.64465><-228.3553><0><1, SPOT><AM_ENV-NatWind.ogg><614.1987><310.9433><0.3586957><1><531.1987><857.9434><-86.35535><-210.3553><0><1, 
FadePalette: 4, 0.6956522, 0.5326087, 0.4565217
RoomSpecificScriptActive: ON
