DangerType: Rain
WaveSpeed: 0.5164918
WaveLength: 0.9917541
WaveAmplitude: 0.0002853007
SecondWaveLength: 0.1666667
SecondWaveAmplitude: 0
Grime: 0
Palette: 26
Effects: Coldness-0-30-30, 
PlacedObjects: BrokenShelterWaterLevel><530.8198><344.4134><, 
FadePalette: 36, 0.4782609
