DangerType: Rain
RainIntensity: 0
RumbleIntensity: 0
Clouds: 1
Grime: 0.2717391
Palette: 11
Effects: HeatWave-0-294-19, Coldness-0-30-30, 
PlacedObjects: BrokenShelterWaterLevel><430.801><344.7297><, 
AmbientSounds: SPOT><AM_ENV-LushNight.ogg><822.8156><459.3274><0.3478261><1><835.8156><412.3274><-175.3553><-104.3553><0><0.3717393, 
FadePalette: 39, 0.3369565
