DangerType: Flood
Grime: 0.1956522
BkgDroneVolume: 0
Palette: 10
EffectColorA: 9
EffectColorB: 9
PlacedObjects: InsectGroup><612.5975><167.1205><9~225~0~0~RockFlea~0.5, 
AmbientSounds: OMNI><AM_SUB-CaveTone.ogg><828.5554><646.0579><0.3913043><1, OMNI><AM_SUB-BlankState.ogg><644.3873><645.4153><0.3913043><1, OMNI><SO_WAT-LilDrips.ogg><644.7596><571.6998><0.2934783><1, 
FadePalette: 8, 0.4130435
