DangerType: Blizzard
WaveSpeed: 0.5128357
WaveLength: 0.9662142
WaveAmplitude: 0.008887092
SecondWaveLength: 0.1666667
SecondWaveAmplitude: 0
Palette: 27
EffectColorB: 3
PlacedObjects: ScavengerTreasury><719.6028><317.9218><164~26, PlacedPearlChain><492.9398><220.5739><0~0~0~2~4, PlacedPearlChain><535.7407><198.4207><0~0~0~3~7, 
FadePalette: 1, 0.4021739, 0.4021739, 0.4021739
