RumbleIntensity: 0
Clouds: 0.423913
Grime: 0.2391304
Palette: 10
EffectColorA: 9
EffectColorB: 9
PlacedObjects: BrokenShelterWaterLevel><499.8035><353.2126><, 
AmbientSounds: OMNI><AM_ENV-SubTerr.ogg><843.3016><639.9432><0.1521739><1, SPOT><AM_ENV-Outside.ogg><842.8298><523.3551><0.2826087><1><144.8298><548.3551><181.6447><-281.3553><0><0.404348, 
FadePalette: 12, 0.06521739
