DangerType: Blizzard
RainIntensity: 0.2282609
RumbleIntensity: 0.25
WaveSpeed: 0.4987096
WaveLength: 0.9967472
WaveAmplitude: 0.001350277
SecondWaveLength: 0.1666667
SecondWaveAmplitude: 0
Clouds: 0.423913
Grime: 0.2391304
Palette: 0
Effects: Darkness-0.25-25-95, 
PlacedObjects: BrokenShelterWaterLevel><499.8035><353.2126><, 
AmbientSounds: OMNI><AM_ENV-SubTerr.ogg><843.3016><639.9432><0.1521739><1, OMNI><AM_ENV-NatWind.ogg><729.5192><490.5509><0.25><1, 
FadePalette: 12, 0.5978261
